10000

4753
6079
9666
8043
4945
4437
1013
2018
81
8625
2923
5362
1332
673
8692
3290
8152
9332
2233
6550
8815
837
9895
2228
2227
5295
5094
4063
1961
6623
9557
5889
764
4803
5763
9949
4718
6935
3535
4948
3927
1729
6116
4150
8529
7579
7206
5390
5590
5397
6341
1708
9906
2757
1490
363
201
9560
30
5267
8757
8811
427
5243
6316
9856
2911
3915
3576
9223
1345
5128
3981
7160
8660
4863
3719
8729
3234
6715
7776
9151
6287
2873
9989
3660
1174
9926
1982
3170
6648
6030
9350
6380
633
176
6382
9917
3902
3201
3557
8638
3003
4257
7584
6107
1952
7532
581
779
6691
5181
7199
3073
7014
2770
7466
352
3727
7661
830
3139
7522
5793
5171
525
2567
457
9148
8141
5615
8696
2830
5723
1721
5596
2674
6005
1284
8965
3831
3440
9421
1409
4963
610
9725
5184
2262
5834
9076
3388
8744
7622
1904
6142
3259
2682
8802
1095
1087
1626
3635
35
9254
1812
2238
8353
1133
8004
6552
1586
6614
9489
4501
540
7414
9548
8628
9675
7948
9111
3333
9774
3720
9757
9567
8569
6106
312
1097
3335
3814
9426
1749
5582
5348
9776
1214
3615
2189
1716
6284
7358
9104
5110
7571
1552
9413
5356
4710
9262
242
5552
9035
1070
3197
9739
390
7424
7455
7985
4287
7303
939
5068
5887
4576
6798
102
5386
3688
428
8720
4355
1789
2724
5220
9309
1436
7682
8212
5857
3396
6135
4969
7460
8998
1648
4989
8326
9178
8071
434
5740
2081
7577
2944
9973
4921
5293
7595
6620
5878
9410
6253
2460
7681
8222
9059
6957
4407
9289
6999
6206
3769
4587
6343
6377
9153
6297
6461
8418
1660
7471
6865
2005
7295
778
198
5002
911
6395
6716
6391
1564
9820
929
8404
8047
4374
6499
8450
8279
7204
8777
31
313
8111
3610
2169
2437
6782
4436
1027
1129
6166
4452
1521
2438
9112
4000
4827
4017
7660
4906
5585
946
7594
932
1094
788
2136
8263
4176
9940
411
8984
8722
8926
7187
6534
3754
7605
4420
1154
6300
9452
7658
6963
7830
5089
9244
4937
9552
2678
3607
2040
4660
7040
9020
7573
9355
8294
5109
8149
1377
9003
2895
440
869
9515
3351
2946
7816
1902
3123
8363
7438
9546
7182
5587
8280
2731
8667
3563
7764
1437
8681
7919
5509
627
3575
9245
8985
5664
5778
9643
5871
4832
9088
4153
4663
8197
659
5692
4766
2284
7110
807
8073
6035
2292
2121
924
9009
3640
4393
1533
1391
3132
9004
6235
4984
2598
1697
8020
2266
2410
9493
7745
9603
6925
1597
9419
858
3236
2332
9094
2245
8509
6436
2235
5583
3120
4723
9381
781
4462
6075
3392
8856
8819
4227
2969
7834
4261
2114
6680
2045
521
5661
5542
1571
6679
7230
7615
7717
4310
3752
6860
7618
1139
5570
9186
375
1978
5124
4320
5925
6162
7047
4985
8504
8733
4107
7864
4274
1149
6805
9454
9038
2282
9762
9089
6518
2069
7852
5008
5674
5391
8420
56
9529
1293
6657
4102
2194
1692
753
3239
9939
9167
461
7809
8585
9834
4929
5984
2059
1837
9110
7048
7334
628
1602
5167
5423
6740
6174
7768
5159
8546
4218
2817
1314
2401
3954
7741
8352
1585
7690
9361
3331
7937
9501
7814
2807
3876
301
3493
5457
221
9034
7413
1990
4285
7449
7421
159
8645
1613
2672
1997
1873
7670
3418
3247
3888
3086
5394
4675
2742
504
9329
7017
8349
9591
2170
2636
6495
8812
311
9532
8336
9498
4655
8515
765
6951
1685
8946
2443
2525
9507
9322
538
9306
2182
3748
1138
1157
7405
7479
4640
4467
9393
7930
1456
3708
4449
6919
9819
3500
4202
2939
6308
8072
6202
5359
8198
4139
4959
9796
2131
2147
8936
914
6976
1560
423
1001
5093
5895
4703
4011
4344
2430
7692
5510
990
1742
1981
3076
7848
6748
6611
3442
6690
2615
818
9629
439
4495
3962
8941
3611
9232
3069
3436
3929
5387
497
3634
16
6244
9335
8891
3260
3639
3961
8543
4829
4440
2513
4745
1799
2273
9480
6677
1346
3458
8959
7696
6264
6666
6313
3932
3111
3960
1765
7136
5879
6096
2511
7122
8958
2617
5921
756
62
4072
446
2523
3061
6934
9967
8115
9656
5410
2600
9172
645
4262
7754
8007
7996
9140
9079
6757
760
7223
489
1465
5818
896
2315
6622
8480
2967
8484
8933
6524
7683
4677
9794
9508
5372
7593
6312
6443
5151
8655
3671
6425
5614
6476
5506
715
3512
8493
2215
8613
2323
3775
1888
2376
9455
1199
2004
5308
5912
524
6480
4638
2180
9528
8688
5777
2403
200
6434
2101
3422
8081
8346
8158
2894
706
4596
9872
2022
1895
1647
1929
1193
6413
6189
1938
1752
9907
2831
4837
971
5632
7440
1880
6727
470
7069
9002
4298
5888
7058
1274
5904
729
8594
1863
2730
9612
5736
3620
5216
9910
6613
7802
5839
5136
2982
5302
5502
1225
4998
9208
1792
970
6672
4716
7150
4008
506
621
2926
5716
6129
2951
8765
4756
2047
5487
8195
2272
1561
9479
2604
8236
1505
4880
6187
163
495
5531
5696
9099
7897
2204
7882
624
3050
7035
8029
3342
9961
265
6230
3587
8510
3038
238
1024
7561
7101
1107
1536
8269
4113
9095
593
407
680
5192
694
7107
8059
4082
9740
7361
5770
4056
319
7831
9105
2548
7412
7030
3433
4634
9879
8345
8210
7550
5752
904
2612
7247
7057
5403
3307
5378
4848
6408
5451
2837
7738
9328
2963
1043
1423
7084
9215
5235
9236
5619
8360
4939
3188
6612
478
7694
7729
8099
8838
8432
4764
7821
5104
4406
8501
8287
1405
7297
2551
4841
2388
9857
5962
6837
2161
4562
482
4585
5236
5203
6975
7184
1109
7403
5103
3137
1320
5175
3278
9336
943
1757
6967
4539
6927
1113
4482
4206
3784
3100
8299
2922
8654
8584
1497
4895
4822
6301
3301
2652
7799
7818
9321
1730
1130
4263
5655
2547
5978
3389
1333
5953
1245
3310
5977
2468
8403
5310
1651
2471
1272
6793
1186
4627
4973
8951
282
9464
4412
3144
5426
1547
5041
9115
303
1394
519
5291
3456
9174
1562
6823
6520
2008
6822
385
7118
2553
9256
5836
2384
6708
5767
4580
70
9176
4934
7913
6051
7202
4303
9490
3220
8477
7436
586
9485
2221
5013
8881
7271
7842
4404
7957
7185
2869
3148
7655
2665
6462
1814
2718
2628
2078
8597
8369
8503
2135
4819
616
8768
3078
4031
241
2560
745
8649
9724
8137
6502
5572
2881
3560
8245
1834
4799
8392
4868
7296
4240
8132
7507
1065
1136
5078
2588
8713
2577
5783
2459
8880
3110
72
4121
8300
4882
1210
2421
472
3893
8960
4431
1681
3979
6335
1452
7462
1419
2659
1693
8624
9628
8606
4795
7353
1642
6098
4496
397
5565
6371
7123
6501
7535
683
3447
9283
6031
8038
9445
4695
156
7850
4767
240
6491
4446
1374
1061
2200
755
4818
7653
555
430
8310
9965
1280
7162
7772
9677
7510
6175
3360
8232
3694
4630
2808
5636
6414
4366
2082
1504
2780
716
1387
5774
289
1558
2341
1593
9730
542
2344
5996
1855
3645
3597
7093
5720
2264
9706
7311
8708
6489
5539
8462
520
8231
3384
2103
4472
5928
6692
6165
9919
1645
1493
333
9267
565
4954
422
8093
7856
8050
9260
112
8866
975
3764
3309
1034
8847
211
2838
7909
7496
5785
3525
4415
5620
4931
4632
8417
1912
6516
3334
7601
6909
5682
3742
4790
6507
272
3136
6169
1399
7536
2318
8270
3006
1101
9133
388
9138
6662
3617
5811
4280
6292
575
9050
9639
12
4193
9375
2456
9812
8888
2557
2586
2248
1014
3710
8516
3166
327
1286
2788
4025
6981
3813
9017
588
7396
2417
8607
9082
928
9146
2032
2503
4331
3048
111
7527
7380
5821
8179
6468
5965
2924
9416
6723
4329
5447
5047
6843
9852
1443
1176
7540
9129
8897
6459
2915
9933
228
8796
7170
9067
5367
5536
4650
1914
1499
4148
3600
9752
9487
4836
4910
6104
6366
8460
6446
5812
9811
3747
8298
4421
6557
661
2195
4228
7077
4005
1753
9382
3816
3957
6862
2934
9661
4513
2878
625
9025
4622
4899
8695
1005
6973
6392
2104
1348
7029
6247
7117
5567
1549
1784
5000
5577
3959
7238
8490
343
1230
3838
8327
1102
5044
5926
965
4808
9263
3043
8924
7724
1786
7386
4584
1067
3678
9157
9826
2840
3919
442
6868
2424
2875
6856
4119
6158
2957
1624
7531
2054
9705
6562
6744
7149
6570
3941
785
37
6092
7116
8975
7298
3951
8982
1826
9930
354
4499
279
2696
9646
6068
7224
6156
6874
6841
1060
6250
6046
9572
8917
8438
3767
5333
9611
7991
5930
2457
1991
7115
9137
1335
2762
1045
2193
4305
3614
1829
9673
9081
4379
43
5934
8991
7997
4389
6090
5554
7104
5683
6926
223
9433
8176
64
2976
548
1879
9475
8520
6006
8949
4949
4135
3716
856
3255
3797
6651
1957
1548
4093
6220
3190
2614
6325
1424
2917
3391
1816
6842
9589
7743
1760
2308
7465
4212
2701
5541
5073
6905
168
3701
9282
6985
4783
5781
8463
952
7313
2448
8375
3569
8252
4992
2016
9203
4297
5384
7855
5270
1583
8261
7702
4143
329
7921
6345
1216
9909
8676
6198
1406
8919
4908
8025
187
3223
6900
1884
3172
1336
7629
6180
9181
4653
4983
5805
3423
420
897
5658
3343
8701
1492
250
7598
9190
3638
6984
3855
9216
4226
4141
4938
4840
4392
9974
5957
7034
6320
6560
7148
5032
1641
992
977
4551
3465
5753
2576
9516
3175
7949
8276
3807
8867
6674
6356
9564
3200
8001
6094
3325
9323
7967
2989
5275
2622
5006
5090
8301
95
9618
7868
7669
5445
9994
1555
9605
948
5795
9587
3102
61
6988
5375
8988
2760
3448
4942
4036
9996
4098
8324
7987
8416
2102
9488
8094
4259
5533
1163
1767
5039
2358
5702
7876
1393
1375
7619
6595
2379
7312
3174
5944
1619
295
6
7098
7099
8710
4033
3417
9348
7383
8790
3308
4917
3075
2475
4339
2157
8166
5086
4573
9772
1779
9166
1733
5414
1223
3044
9318
3886
3096
6073
2154
6838
6328
2947
4468
1451
113
8167
9469
1668
4464
9392
4594
6761
3837
2017
8981
8305
2845
5974
8082
2451
2408
8824
4283
9846
3363
9399
6685
5454
731
5754
4925
9688
1040
4704
7758
5755
1959
956
4485
4505
6002
2470
6939
194
4886
2537
1748
8139
9848
6670
3256
9579
787
2319
800
6773
365
8711
4221
8391
1931
2306
9210
2822
767
574
1311
2909
8116
7008
7154
2367
9798
5993
9473
4266
3899
7905
3806
1099
90
880
3133
6099
3820
9351
1669
4671
947
7437
443
103
9415
3848
5941
8335
7668
9078
9175
4402
9131
3502
508
5680
9563
5872
3484
7279
9198
3445
6687
20
2850
3160
741
7519
4823
15
5828
6759
8962
5950
8718
1413
169
1500
3799
7990
6463
9676
3966
1016
5221
3475
7212
9682
291
3956
5336
3633
4801
3802
4183
2184
483
9823
1935
784
3654
3991
2325
1911
9773
5700
2632
8292
5415
802
6460
4802
751
3812
5050
3246
9927
5881
6401
2037
9573
4450
4975
330
961
6949
1983
3181
9566
8077
8983
447
7175
6159
7645
5856
1987
1617
9890
5028
6039
118
6429
1268
4208
3161
7884
6131
3010
7870
9291
9547
8878
1156
4191
8931
935
1718
6302
1356
9863
3466
5026
7262
1761
4430
9565
6386
6273
6867
2764
9027
2300
3920
986
8997
1418
9197
2778
8706
2681
5827
7065
2706
1483
7707
8447
9787
814
9420
1992
2779
7807
3574
1557
1369
5413
8481
2772
7456
7036
4812
940
1665
2481
7227
364
7986
535
1605
4245
8973
9026
9866
5327
4626
3380
2474
122
1849
669
2087
9478
8967
3846
3017
7718
8861
4918
8216
7888
899
7529
7782
908
8668
8767
9423
8160
8088
9784
9785
8890
123
41
5883
9925
9701
3809
2953
1706
7237
8372
7470
9008
989
4179
8551
7056
2897
7979
891
1218
8026
6387
6122
4396
4554
89
4846
9427
5057
5139
6041
7352
5231
1430
8752
6763
4565
9983
8106
9526
5841
6543
2900
99
4932
5759
5507
339
9935
9981
878
1956
9226
3836
5225
7367
4866
5933
7020
3400
6344
9622
1682
3864
7955
3345
5180
8036
6791
1818
2662
2336
5608
6986
2187
8145
2309
1120
4897
1170
8103
3016
2378
4365
9108
5434
9253
4304
7195
350
8264
1421
1264
9326
13
7873
9315
381
100
3480
8659
1079
6008
9470
8889
789
1598
2261
573
8513
4789
5299
2520
2579
3849
4567
7674
8005
8362
7245
2854
2599
2369
823
4774
7119
58
4872
6314
7439
6586
5004
1322
1271
4806
4575
1487
1590
9374
2229
2699
280
1603
3589
7006
2077
9551
9545
8661
9144
5188
541
8366
803
8454
5630
1869
4981
993
2958
919
6332
6968
7015
7120
5603
8297
558
1897
3435
143
7796
7261
76
1371
9644
3674
774
9874
9007
4750
5123
8063
9518
2405
9963
6883
4601
9755
6517
1923
4525
8489
7815
6647
6072
6566
9615
4793
9404
155
6950
7451
7514
5361
335
3646
6659
7613
5711
6406
5476
6774
9222
8623
6215
9285
9273
2500
2694
2420
9037
8499
682
1763
5629
7216
9954
6848
2733
1057
9884
3572
619
2347
607
9731
6021
1111
8932
9756
2797
8771
7054
1491
5244
6289
2673
7713
7644
9126
263
7823
7568
4769
6786
3717
3085
26
9696
8556
1689
4238
456
7736
2570
4849
5515
4087
9164
5937
9946
367
5769
5037
3790
9613
104
4611
8905
8670
6789
1738
5296
10000
6596
9268
8747
3008
5988
108
454
6964
9234
6845
6363
4323
4687
4024
4385
8208
1750
6427
641
704
9339
8466
9097
5472
2071
2146
1012
679
2429
4326
547
6352
1
7475
6616
3487
8885
7038
8120
635
1112
4560
3035
7945
7489
5022
5056
7234
6126
3817
4136
4258
4537
246
8538
5639
9231
7880
8246
978
652
3952
5370
320
499
7689
5383
9604
8464
8611
1148
6479
671
5858
5869
8220
5360
7820
8030
3158
4961
158
3149
5217
9851
6349
4491
2487
1093
8976
2124
8133
528
2825
9292
1803
8500
842
5007
7599
5563
861
9425
1996
804
4003
8840
8024
4553
5443
3237
5758
7604
4635
829
5640
8996
6448
6203
5143
94
8206
7129
3602
6762
8192
7
229
3777
7395
1282
5637
4062
7433
7079
7002
3683
2038
1659
2564
560
6924
2063
4791
2505
8945
6026
885
1006
4328
8130
2796
5825
114
3896
1299
1248
2816
4205
5332
7288
5168
8534
976
6603
8243
8651
6210
5936
8872
6455
4178
5038
925
6582
7081
5760
78
5713
6724
5896
8756
9269
4199
717
838
3129
3426
2549
5409
5341
7205
572
1015
1906
7344
5595
2446
3446
5784
4378
5
8524
7201
7791
4453
5127
6703
8486
944
3520
934
1870
9422
8862
3452
3519
8636
5049
2108
5147
6132
5669
9864
476
1998
402
5923
6626
5374
6170
983
1228
1276
5265
7778
9304
2670
2621
4591
3917
6857
9344
366
576
5920
4550
9360
7749
3414
7914
1308
6199
256
8753
3359
626
8199
772
189
1003
6972
2422
5169
7239
7566
7755
4177
1083
1020
9243
1653
2686
6508
1494
6179
2607
917
1848
165
5794
5473
4956
2099
1217
6157
2163
4145
7140
3650
8449
1381
5602
3693
843
1909
4835
2980
2090
9807
9296
9668
4943
5335
1777
2086
2109
3985
2948
1481
4498
5938
4375
3005
8557
3567
6673
3871
5285
3655
5407
4967
5756
9372
1627
4248
7625
5261
8916
484
4457
1609
7554
109
2572
458
647
5016
4563
7191
3394
8687
9667
1287
6750
9495
2640
7698
5687
4249
8906
2784
7188
192
5436
3994
8380
5198
6196
2265
9735
418
6832
5653
1137
1478
1241
5273
9692
1695
3154
8226
7733
8271
4419
9143
2815
5325
5156
6232
557
6893
5776
3051
9658
761
3508
1038
7485
8783
6383
6684
8112
6907
5095
3884
5034
6211
5328
6288
2683
9534
6916
2449
6010
6640
6453
5425
6669
4171
5190
4643
9916
8864
4061
3971
1380
2833
1327
7832
6481
2083
4288
604
2689
9113
8110
453
7083
2782
8671
2526
4129
455
9156
7026
9559
3625
4742
839
6635
1770
6876
3383
6652
9840
2404
93
3472
3116
4991
373
8575
1943
2100
5829
1787
8525
2490
477
1342
4060
5877
9492
5544
7381
3450
7493
445
7833
8228
7389
7156
9608
2492
7939
3173
6256
3287
7046
7468
2786
8131
7549
4926
9477
6351
7071
7457
7783
2867
8126
4022
9406
7285
3673
7243
5868
4629
9168
1589
2765
2609
2726
3554
1033
7974
4492
2735
4276
4023
3399
3666
5597
6149
6326
3118
7398
4041
8415
2080
8295
2629
6420
3869
220
3441
2793
4778
444
7196
1331
2359
1677
2626
8234
9881
9553
5994
8682
4597
8626
38
2432
7926
1506
9672
1445
8621
9600
733
6599
2076
8151
4751
7551
6947
4733
8740
4510
2288
6485
4698
8058
9011
5134
2688
1699
8424
8485
567
1190
9596
930
5584
2105
1053
6796
7368
3672
6521
1662
3687
6913
6410
9436
8021
3523
7805
888
6600
691
1694
435
601
1824
8994
9664
6936
9187
8544
9710
3047
8727
7274
8107
4807
7132
852
3787
5116
7902
8003
1476
2774
4188
8972
5975
5498
8577
7505
2212
9301
7023
233
2085
4531
6058
5742
5257
2168
8535
7580
949
9821
217
8056
1207
3939
920
8707
2439
4608
6933
1844
6441
9155
8328
3306
6310
1514
9833
4343
4128
5618
6266
4784
1966
3649
2415
2542
8028
9120
4944
2556
9537
6989
8845
5157
2882
3192
6245
7074
7675
6498
9160
2035
912
6183
5406
8379
2932
2371
870
5823
7091
6995
3987
4500
1104
954
3637
6654
9440
5573
2303
936
8601
3677
6747
2806
1984
1467
9597
2128
2536
6274
9665
1370
376
666
889
2593
3277
1069
310
9747
6154
9636
218
6852
4075
124
6606
54
950
4307
4435
8944
736
6930
8950
9227
2990
5405
1594
9570
4371
5853
9497
9083
5689
1206
8505
5569
1559
2057
2484
1341
4377
9505
5234
2302
9056
1875
4533
644
4883
8474
3215
4667
9169
1181
744
1835
2914
7431
9132
2937
1427
5870
3453
3703
9325
3743
5719
1898
8033
380
5315
8181
6236
7789
8911
2811
1023
518
2489
6152
2062
4676
9870
9357
4896
9200
2117
5743
2015
4661
6587
7953
5229
5142
3543
6103
3028
8619
7211
7564
7472
8303
3397
6578
7207
1975
2753
7228
4247
3740
7581
1710
4124
2020
8552
7360
369
6023
4518
4361
4210
2427
6372
777
3339
7464
270
18
5894
8887
9606
6556
1368
7574
6720
3648
4054
7775
7759
9759
980
2800
3882
8123
9844
5376
2355
3894
9438
7872
2538
3663
8373
2383
341
4165
9593
126
3811
3284
7705
1915
1047
3990
654
3643
152
5311
841
7121
4771
570
618
8737
8102
9158
7688
6621
9891
8576
5054
2393
5605
8726
8964
7941
5411
3491
1907
9584
4286
3407
7420
8089
7992
5003
4049
1833
7938
6148
8615
1183
3744
6239
9670
3130
8427
85
3998
266
1941
5158
4091
3279
3776
5880
4391
3580
3949
2173
8826
1882
3093
999
7725
9619
2893
7241
1301
6510
9274
7308
1151
3509
3020
6342
7133
9369
4408
6222
738
1258
121
3751
6381
8384
505
8406
8182
1791
1759
7371
7545
8804
5373
3462
2373
6318
5416
8709
6831
8248
1556
3933
6047
7146
6610
6880
7446
2571
2466
8207
8995
8592
7379
8193
3117
3176
7250
4860
3562
7415
9720
8674
6894
3267
2798
4890
9057
7461
2826
2366
6597
6602
1247
759
5706
6574
7570
8325
5125
9308
6779
2992
7699
6889
2495
8588
2644
846
4147
991
2413
653
9878
5945
1147
5271
346
783
510
6452
1195
1007
2940
3159
6251
6861
3850
6553
9586
3705
1390
1670
3746
5096
7335
7780
226
883
1096
4657
8086
5193
6193
8589
2158
4738
3930
4617
3532
2034
5547
6627
3578
1164
7711
5478
886
9736
1599
4977
4682
1134
7042
2647
8934
3965
7751
4376
8054
4064
8433
2690
7281
9229
1396
6201
817
5558
9944
5707
5365
1291
5113
2095
431
7131
8396
8018
8015
7826
4862
3202
6444
393
2861
1058
120
8567
9012
5305
9472
6658
3294
8748
8502
1046
3972
2199
6628
6188
1582
1741
4251
3273
7340
7406
4749
7364
7560
5607
8219
3039
5842
7028
7435
7703
6833
7404
3238
1462
9894
1610
8631
5364
6686
384
8896
5264
7607
1650
7639
392
4426
129
1068
4047
6783
6003
469
414
5452
8521
7677
5989
6899
318
1474
9338
7944
3588
2852
5292
1788
3347
7795
8386
1783
4077
9957
3022
5505
9640
8921
2159
5442
5739
571
1893
451
2392
8070
4736
9987
4578
2455
9036
3873
8184
9063
6121
8249
698
133
2298
8738
2803
8952
1543
7500
2769
3162
9407
951
793
1905
2655
9577
9980
898
1048
648
4559
3564
8579
5522
6015
5346
6268
8202
4681
7646
1386
4867
1747
5859
2279
7482
9555
4014
1679
2851
128
8877
9855
9533
2186
3199
3208
4507
1577
105
2930
4340
4116
6583
3138
8201
1807
3670
6431
4850
5233
1132
179
3098
4373
960
953
3724
7862
5228
3860
7153
4717
6617
2214
5799
2813
4424
9453
9275
1359
1297
6330
3825
2097
34
8302
7883
1830
6931
2110
4706
4979
8537
4545
400
2068
1074
1945
3785
9359
3506
8214
5114
1611
9970
1397
3810
6248
2126
8144
7011
1122
4725
4928
8119
286
7294
5963
208
8128
9055
868
3253
1820
8762
9237
7145
4359
7096
2476
5260
6360
4664
1726
5592
1828
4167
6074
8622
8512
8008
9376
3222
1632
8426
3169
937
6234
3009
589
727
2175
5671
5189
4604
3304
3365
2156
9343
4787
1639
3539
4572
3718
5698
8755
5924
345
7857
4264
6355
5318
6768
3524
7904
1579
4582
6279
6125
7659
4118
9045
5334
9486
2667
5289
8853
1866
4380
8691
7671
1658
501
4709
6369
8807
2021
1482
268
9972
6231
3349
7166
1781
8784
4319
1153
3337
7541
7761
1049
5762
3759
1078
9599
24
5450
2927
1646
9511
3675
711
4748
2509
5144
5831
9744
7521
1317
4834
8095
6593
4429
1769
4414
6682
3227
138
4570
5665
5435
6844
3772
5349
1934
4786
5148
583
6598
5807
833
7933
273
1180
6792
6450
4229
3461
5546
1702
6133
9171
7730
3264
3217
6367
5304
6781
193
1194
4306
2540
1326
429
7701
1821
6983
5340
8702
749
9595
1538
1687
7695
4470
4935
1801
3164
9387
5929
7345
8446
6449
5610
9280
7516
3839
1502
4081
1106
9389
116
8953
6532
8057
4522
6912
4256
4083
4030
2007
9576
9398
5919
9128
7045
9790
7620
1756
4352
5973
1686
801
3795
901
3281
4693
2596
7553
6141
8258
1175
6050
3540
4590
1840
6576
3283
325
2113
4851
8605
5958
8526
2916
260
4647
7916
3993
8828
275
7843
7232
5560
7603
4423
4805
5439
2377
5616
7448
9510
8528
6644
6799
6523
7208
1744
5164
1025
7680
1303
4672
7744
4386
3792
1152
3023
1886
768
7878
4425
6223
5830
2331
9842
757
1574
4526
8536
2372
5422
5199
337
7709
79
9617
9519
5083
207
9418
7492
7756
526
9783
6526
9671
2246
3131
252
5520
5226
1544
9221
8647
3221
3854
4972
4854
6438
1612
6019
1142
1854
2545
664
4817
922
9899
3031
2832
1351
9316
7769
3042
7494
8541
8999
8108
8774
5609
9728
3252
6908
6547
810
9
3515
599
5005
7672
8533
9887
9908
7636
6237
7025
9483
3425
3216
5786
473
2743
4254
8194
6464
9358
1678
271
9653
6034
3616
2633
4144
8632
5949
6493
4625
7600
8612
6826
9388
9016
7994
6806
82
2112
8697
3012
3481
8337
6718
1196
5867
8395
2693
836
1347
9134
3526
8317
4547
531
9929
2997
6559
2544
7798
6298
1201
7608
4685
2625
6093
5579
1745
8274
3964
4018
9230
3288
2149
4856
5621
4680
2375
4577
9435
3891
4439
8117
5021
5594
3583
7363
5303
4422
1797
794
2836
5987
8388
6850
4195
374
8690
2945
8257
3980
7632
2715
3198
2954
2527
4269
9655
2979
5366
7130
9750
1630
9663
5985
8870
5905
2550
7277
389
6056
6101
8587
5249
6353
3485
8040
6228
4971
8948
6667
6965
5371
1092
559
8620
8483
1367
2036
9412
3289
1993
9648
1656
7617
7838
405
4291
902
8382
2153
4613
3984
7095
3656
5392
4494
7539
3094
1373
6764
3594
5826
9102
4579
5329
438
2053
3605
7181
7624
8788
3498
9581
8075
6466
9303
8570
8311
1329
8113
6978
5882
2014
2708
3571
8459
2587
6771
488
9985
2428
1578
7596
2802
1523
5400
5204
651
486
3372
1343
4180
9466
6998
7906
4970
9284
2106
6809
7777
6713
7790
4209
7972
9669
2119
225
7555
1640
4909
2781
9319
3292
6530
4555
6921
4678
2251
1182
707
3756
3938
8348
6409
5043
1572
7189
894
9727
6719
4642
9072
297
5017
9814
5791
964
2414
9446
7874
1529
3165
4826
4731
8359
860
3859
7586
6698
8582
4521
9270
410
5277
7450
5969
6243
8778
910
2289
7714
4927
4012
5223
6038
8146
6538
7922
7757
752
9396
8769
1383
9047
2746
8792
3973
3091
1798
9152
4486
6689
8754
4155
2314
5488
9368
9679
3883
6572
6296
7214
6785
9065
8414
2680
3233
157
1732
236
487
5788
2552
6573
8549
1953
7901
8725
294
4504
3661
6435
7685
7746
4614
8844
2115
1486
7299
8883
3251
4726
8100
344
2624
351
3203
1167
1872
3080
7349
80
9408
5931
4966
3577
5847
6892
2635
7968
9976
9979
8322
1140
8104
9205
3745
1018
3692
6565
9585
9654
3212
674
2139
2761
3903
3763
3182
4821
5729
8390
4754
1964
8809
8175
3841
1485
4189
2899
6115
2555
5745
3014
5574
7587
1809
8799
2351
1365
9248
9771
149
5679
4028
7792
3626
9052
7881
9847
177
4595
7662
5350
6536
493
5421
2216
7253
5562
3320
7004
4235
770
9911
3936
1165
5313
7936
9390
1415
6065
386
8598
1288
5468
6531
1302
3368
2738
4315
1673
1310
5635
6817
4527
8185
2711
663
9277
4727
8829
5643
9746
5656
2968
3143
6609
9536
8042
4399
8035
4815
4875
1435
7348
9401
5913
4480
4281
9370
9069
2469
1737
4798
3328
3697
962
4316
9621
6824
2061
3030
1896
6539
9395
6551
2763
4132
53
3507
9391
5903
536
416
3541
348
7704
4349
1458
4583
8775
8135
2736
2426
1885
9207
9562
8423
5873
6751
8639
4354
847
797
7284
6742
8786
9806
2573
9808
658
3271
425
5918
6812
6545
1908
347
2999
9717
9721
7172
9859
3112
8542
4549
215
5418
712
5835
4962
6808
9386
5874
1075
2952
5992
3796
3704
7365
5705
2098
6546
6054
9527
8178
6430
9266
6270
3124
5717
5512
5300
4839
8213
5693
1267
1447
4265
8378
1215
5121
9279
5284
8240
4712
3179
3285
8863
5045
700
4108
5274
1234
1344
606
216
5098
4780
8012
1444
3205
1425
6053
3053
2368
8143
6769
8097
9439
9810
1353
2799
915
5862
1587
1927
9073
8531
2568
9512
5465
3550
7480
4411
9457
5612
8385
6001
5222
3824
8254
1724
8428
6945
1091
9342
5798
6790
7085
9000
7495
3421
3026
2956
5701
3420
9868
9659
9825
9107
2677
4881
1328
5816
6374
6100
7391
8053
1460
2237
8096
5117
6971
9409
6112
2
4484
2620
6255
6477
5272
8760
708
6161
9139
2178
6130
5654
8387
5132
7165
8371
8498
5792
7737
7524
7220
190
6305
4390
1318
1105
3644
5358
7222
8596
7895
3187
471
1531
4855
8230
5995
8330
130
2611
2792
2501
6285
7742
1919
688
3443
5540
4697
9883
14
3967
7515
6233
5849
2734
6743
7894
6018
1513
9722
8573
7213
7973
9689
6624
5294
5626
7723
1509
2719
7859
6013
408
6373
7369
6944
603
874
9680
8010
4302
7126
6608
6636
6671
4045
609
1363
9715
399
153
1596
5634
8282
7803
2627
611
396
370
170
5250
4236
686
5427
6177
10
2663
5566
9431
8066
3354
1711
4243
4616
9118
735
1252
701
7469
6108
3946
7785
3151
2185
8241
1398
6286
7351
3950
2741
4831
4540
8693
1618
8022
6397
2971
3321
6594
9741
2290
2870
587
8583
1930
9147
2052
6127
4069
3293
2335
2749
2860
9014
6738
9024
6394
4530
9149
8357
6207
7342
7053
4094
6962
8617
7445
6339
1051
5942
1856
5822
4358
1690
7167
9116
3728
4335
7394
3429
8719
4175
2436
798
3113
6542
3788
5486
2348
8603
5495
9125
3664
2996
3004
3818
1969
8876
287
5900
6390
4732
6472
6317
8482
4237
7934
3800
1389
8218
8284
2590
9550
6605
7739
9775
7954
1877
2150
8735
8825
9278
6548
4203
8806
8813
5666
8242
7009
6813
7654
2296
5508
9093
2502
175
6208
1236
2687
4019
4833
9554
6688
2343
1473
6184
631
3090
4327
7546
2705
6815
6726
2030
545
7947
115
2966
1115
3317
5100
5970
3537
7640
6134
9698
9998
9734
3027
6591
7943
7177
9642
6746
6422
3001
39
4656
8191
8642
6024
4325
1372
4152
9163
6359
151
4658
4168
2094
4838
7254
3544
1254
7971
5202
4515
6645
302
8923
7502
209
4417
4157
4864
3291
2116
3249
8205
3770
2044
5025
5810
7569
1116
6329
8266
7021
2374
6337
1042
2440
723
5135
181
921
9978
844
5726
3947
2322
5247
5780
9592
6118
1567
9240
2744
3207
3195
1029
3835
4383
8717
4915
3691
3549
2320
9850
2906
1257
8854
8749
234
6970
3275
5613
8361
7157
7621
2167
5345
6173
8164
247
9504
2657
903
9770
8159
5268
3265
7537
1209
1362
554
4351
7512
6797
5644
2524
6213
6734
6280
1892
4105
52
2483
98
6695
5232
7192
3258
3911
9005
9460
4517
4870
5080
2709
6389
5320
3865
9602
2091
6895
909
9209
4242
6527
2739
2889
6322
8002
4432
8342
7879
8640
4809
763
8437
865
2120
8027
5980
1028
9347
7236
7822
3266
9432
4137
3528
3504
4646
1184
2884
1942
6946
3385
7753
5940
9786
8731
831
135
77
7171
7887
5625
9999
9242
97
1011
8013
5499
5185
5074
186
8507
1141
4020
3877
5011
6077
9791
3922
3874
172
5024
7853
4387
8377
4878
1951
5961
2391
9191
9816
2132
2467
8816
2402
2406
4224
5790
3680
2810
9955
6451
6036
3378
530
3250
4418
2541
7962
3628
8291
244
4649
7824
6218
9494
8062
9252
6509
3376
552
2031
1501
5269
5072
1859
4987
69
6119
1666
6956
8425
8837
9854
6293
2363
1202
5722
1654
6958
8910
9142
546
9046
6681
7665
299
1187
6146
6569
7993
997
7105
1334
2578
8475
2003
7530
9330
1794
7626
6176
3881
6717
6252
2504
5768
6877
3689
2692
2462
1805
3029
2890
9838
5120
2244
5186
4100
5404
2896
3393
9434
3606
1774
5838
957
6555
9051
8488
2029
2972
6873
6163
3783
3276
450
634
1229
6953
608
1940
8000
3379
8846
5324
5463
7370
3346
1986
6347
2145
322
6171
6928
8419
7975
2349
5601
4637
5195
2984
3851
8409
4318
3706
1815
6327
5971
5317
8595
1208
9966
8614
6735
6224
6044
9092
1376
7476
7429
8333
1575
7956
3757
1484
2122
5477
1119
7793
4131
5079
6350
9687
9366
9817
2283
5137
1281
6732
3319
7656
3186
7650
3329
629
3196
7315
5210
7221
5343
1222
9468
2220
6016
7331
8530
3830
5617
9043
2856
9616
5673
5286
5282
1810
5338
1516
724
2222
2638
2390
4272
9346
8699
2491
1862
9018
1867
9913
3624
3152
3642
8555
8421
5460
5650
8457
2941
7290
9302
7264
6295
5966
3492
5703
7377
1727
8992
7467
1220
6486
7588
161
7324
2789
5088
3910
6069
8581
967
490
7858
1672
5657
2727
5242
649
437
6902
5844
732
2177
9531
2581
8227
8508
9693
2329
8789
1707
419
4230
1066
689
8289
859
815
7385
6085
5312
5775
6704
1864
8833
4207
6705
1279
4337
8313
7428
6571
3455
1684
7332
1955
9733
7889
9019
4708
7651
5085
5301
4241
6027
7734
379
1891
6365
3296
7268
6088
693
782
2533
2675
9988
7255
8683
577
8851
75
884
6488
9709
2834
5033
1629
5402
4652
714
926
3913
7841
8527
4811
5902
8288
796
7583
5160
7280
3083
6160
746
3468
791
9904
4006
9130
8610
5789
6259
6269
5631
3722
6114
8034
3553
9090
8562
8468
5256
5998
2395
3999
1250
2217
2361
2056
7784
8368
2362
4123
4186
8927
8161
6650
853
3958
1985
1159
3204
1977
6607
705
3398
4933
6404
2219
3682
4683
1917
9062
2998
3206
1868
2011
3774
6150
6758
9937
7585
7908
699
1255
2357
2224
1203
8339
8374
5297
2943
4913
4568
4278
6473
3662
6505
996
539
4752
4770
5063
1124
3760
650
9193
9356
7052
259
3997
8398
3885
4043
7050
9745
4438
7490
3907
1410
4448
4618
3295
8092
5206
4743
4722
5339
1970
2075
3163
7378
1918
2479
9889
2546
8162
6194
1910
3141
6885
7031
1455
1823
6358
9405
9836
6879
298
8367
2936
6225
4284
9015
1285
8011
6324
6315
584
1861
21
3889
5087
9353
1249
5424
46
2902
5815
809
3912
7483
8465
5833
9641
3077
566
4598
2313
9165
662
5385
6896
5588
248
4644
2987
5746
2515
3318
3779
2291
3832
8293
3409
9797
3412
7523
5429
8150
695
2842
534
7558
4924
5686
1520
3753
4729
2027
5728
3621
3653
7106
7272
9901
6943
6029
4260
3681
3404
5453
6432
2447
7319
4552
2618
33
1999
2514
3299
459
1950
9513
8957
9290
3632
6828
432
6851
9199
8779
4684
8892
191
3989
5381
9064
4602
7078
6579
1522
6770
5298
2350
7399
4046
2574
5641
2330
9173
7893
2084
7151
8156
4995
3403
3134
1528
4538
6197
5262
4476
449
4978
5764
9732
6554
7847
4666
5809
9678
9945
5875
6980
6904
6334
8225
6604
6996
6661
3872
3924
9241
4782
8782
1717
7463
4711
9779
4720
5951
2160
2230
3534
6678
9249
4196
3533
8658
2883
8673
6028
8187
8894
29
7354
905
2064
6753
485
913
7719
4523
7090
7242
9061
5997
5564
7100
1746
2278
7708
3189
1289
2242
4477
6643
3107
8138
7907
5741
1080
4976
8698
7068
2023
9287
1541
8663
9959
4481
2042
5061
6563
2775
5152
5638
6830
1330
1614
6529
8970
2253
8049
2088
9337
5808
3153
1535
6584
7740
5070
7001
8961
1780
3183
8986
4231
7748
3853
4876
2773
4889
8823
7318
2791
9691
4475
171
3268
7186
9922
6354
1439
938
7676
4619
3257
3791
3406
9096
4747
7010
3122
63
309
222
3352
6974
7980
5129
2270
3840
6110
7346
4364
2938
9652
7013
9651
6772
1628
8942
7143
255
5561
3699
5031
5910
5982
4308
1432
2879
6588
1676
9858
6969
2281
5731
5688
2287
871
4842
1899
2608
549
5556
3863
7337
2206
585
2785
503
6261
7473
6810
8171
3177
8223
9496
1735
2656
955
3416
314
9690
2070
4225
4506
2386
47
1457
6089
475
5952
5892
5983
766
2669
7623
6082
2698
357
1464
5237
1150
1512
1319
4700
394
4395
8798
1762
8745
6249
3121
1876
8519
3556
1754
822
7716
6886
6803
7567
1395
7356
8122
8399
3735
3538
7382
6618
1843
1725
6795
5417
8290
3021
8497
6694
6537
4134
9333
4078
9539
1466
5469
6800
6990
7525
74
9777
7891
7918
5377
6226
9235
8539
6033
3036
9524
1197
8925
7712
3758
1298
9830
9188
1962
4021
262
5866
2901
9726
1242
8061
5593
5209
9620
8517
8800
4346
8968
7951
2848
6601
2891
7499
6858
88
5227
5803
8873
3432
4713
2814
6577
267
4444
4810
5363
7773
1082
8083
7041
4434
2257
86
1081
7037
8283
5911
6890
7161
6419
1608
5976
2964
7240
2239
5747
9521
1537
1420
4194
6423
6977
8785
7844
2725
1719
3584
185
2566
9224
6109
4026
5526
3193
4724
1098
9364
9476
6649
7276
9298
1321
8821
7258
7287
5239
5015
3887
9832
9499
5281
5771
5029
4299
5055
2910
2530
4347
857
332
1782
7829
9217
1576
2703
7249
7931
6630
6271
9962
4267
1588
2777
7999
9837
3730
5351
7269
4621
5141
6496
5176
9281
9349
1212
9195
8743
4090
7767
3944
1294
811
5714
8805
638
2164
9799
808
7612
5627
668
1621
3248
7513
9815
4859
1705
3454
7032
8540
6417
7094
1172
67
9340
9091
1171
3844
6961
1530
8064
4512
7497
4312
8817
1622
6906
2067
3686
2748
562
9843
8413
4624
2033
5600
9549
9538
5344
1488
7397
59
1591
3126
8703
710
3765
3826
1937
9582
6182
8304
7359
8795
426
7860
2846
4543
2434
8882
5182
3918
2862
377
3488
4244
1338
2051
4999
2925
1542
1324
9373
8217
6071
4126
5306
2843
9299
3833
9411
7616
9990
2756
9520
8275
7076
6784
4800
6638
7727
2592
8773
9150
8928
1822
9313
776
8801
5571
462
8506
3326
6590
5576
283
8319
9809
3371
8180
9383
4692
7781
3530
3696
2398
1771
7932
5496
5787
4246
864
7418
3486
8080
9297
696
1920
3209
6702
5514
4813
7722
1994
274
8848
5954
8920
2745
8172
1251
4068
9792
5066
1845
324
2561
7275
6766
8913
9861
4334
2824
4997
6168
7506
5708
3905
1237
5489
174
509
5840
9354
3738
2333
7602
235
4032
8434
1337
19
4589
8148
6442
4651
6186
9506
2847
5485
805
261
773
2913
9400
7721
6055
6482
9941
4112
4173
2258
6863
3367
7774
3568
4070
1948
4336
4514
2416
4232
5907
3302
5369
4893
6875
4300
8818
1638
9117
3843
6656
8875
3890
790
4728
7158
6458
6864
6043
182
5259
7886
8121
7066
4607
7373
5695
9992
1764
8553
1121
3988
9136
1325
1266
3976
7244
4010
4511
2605
7946
3405
5647
1736
958
6711
6940
7407
1976
6503
3382
4220
9541
9849
4853
3531
7511
4040
5316
6348
1841
7534
4037
4673
6849
2787
876
8763
8354
6699
7338
8764
8734
7684
9517
5991
6722
2058
9265
7310
5150
3079
6820
1825
2921
2517
4951
227
5559
206
9276
8980
4294
5082
136
8173
232
655
5535
8401
7180
8781
1850
3327
4569
5591
1796
3171
1775
8558
304
742
9905
9471
6426
3410
9578
3451
2580
8344
7357
7200
5660
9839
2050
2758
2610
9718
4079
2435
4109
6776
8168
7016
3242
6076
2382
8652
4216
4628
8358
7372
8440
906
2497
6728
3992
3731
9702
6528
7959
8405
7425
3095
5959
9760
8340
1408
1739
68
1722
1145
1358
9417
7771
600
1349
3521
7252
6241
6124
7597
4058
4911
1204
8451
6017
2141
1851
544
8125
5077
8578
617
7811
1426
7328
7983
8306
8341
8431
6639
7176
467
1900
7927
690
1696
4088
4741
1903
1219
596
4456
2949
2660
4873
9818
196
5732
7341
2234
3536
2202
9463
9936
4529
1468
5886
8364
1235
2013
306
8860
413
5060
1865
167
6794
4520
9317
6379
4534
7779
7270
5023
3101
5252
1601
2993
2203
7427
9456
6756
2310
3240
6859
7752
771
3726
1853
8296
592
3503
42
5852
1811
5194
1584
6982
6979
1260
9632
4776
1290
8048
3561
3579
1734
9352
2411
134
4217
7293
3721
9921
6881
5676
4127
2311
1663
7582
7970
6994
6388
5538
9119
9767
8470
3109
2144
3558
6675
6331
3566
2465
3072
6145
3786
2049
8766
9882
1960
0
8435
9880
5516
5462
9719
7409
8646
4737
2334
7697
1135
5246
8338
1448
4996
6415
2835
9749
7390
1459
758
5699
640
8351
7915
6471
2142
623
6066
65
9087
7302
2931
3145
7559
2994
3679
436
2707
1056
8839
2342
6411
4197
8609
1054
8479
1546
3773
4990
2903
5337
7168
9530
3356
1553
579
7336
6151
4233
9915
8441
7309
4488
383
7124
4861
612
3019
5448
8285
3822
5672
1751
2275
3025
8495
3713
6040
4600
4097
8469
3449
4401
6541
1657
5737
1566
5201
9123
4454
1967
96
998
3269
1979
9977
561
4847
1620
6229
1379
3878
7043
9695
984
8323
6277
2211
7526
2190
6922
5219
780
2286
4055
9766
5955
4690
9867
9300
1166
4413
6321
2381
1246
6625
3119
2783
8787
5681
1243
3619
6205
9635
4487
3244
4633
6045
2387
5527
4138
6200
5529
1924
9122
6655
7630
594
8068
5279
994
4330
6631
7731
2751
1615
6227
2356
1128
6816
6993
2521
6262
3322
6403
9145
5548
8822
1842
2304
315
5749
5884
5432
8467
8830
3312
8908
3127
5598
7108
293
2507
5200
6737
6807
5278
1131
7481
6212
9991
5981
6153
5865
614
4332
3734
3601
9598
9001
3573
5111
8810
2123
1539
2345
8394
8315
6696
8442
2661
7960
2463
9098
3350
7652
1004
5766
7102
9751
6067
3156
602
1089
5437
2865
8496
1913
2444
7401
1795
7209
7256
6589
4516
4535
1472
3647
9385
3099
9948
2419
5401
2162
3336
6399
8101
4901
1050
2338
7643
4459
1776
7384
9831
3559
9257
6078
8155
1740
9074
7982
4400
3471
963
8859
188
3778
5149
7152
8443
2225
1498
3725
8664
2295
1292
4394
8751
3505
2908
2671
237
3115
7501
9467
9080
6097
3232
6143
7070
3622
2554
8694
8886
5438
2073
642
4181
5891
4760
7447
8685
743
9898
7635
9968
4610
6835
3037
3105
8268
1883
5678
6788
5922
3032
5802
8169
5059
3494
460
3224
8761
1635
9893
5586
3063
3608
1240
183
3424
9583
4546
2849
8938
5663
7978
4101
9288
692
2496
832
4556
2277
4086
987
7003
3658
5532
6878
6086
2317
7923
882
213
1309
9951
2565
3262
2653
6412
3669
433
553
9764
7235
6138
9571
125
3243
9638
5606
7969
5797
4542
5685
106
7422
7679
6385
8429
4201
5568
2010
3052
3815
7899
2920
1534
6500
8758
4066
2876
7663
4960
1403
9135
481
253
3982
3374
3230
6294
840
9086
1270
7362
5253
8834
2685
8770
9700
7647
8389
4002
7267
670
1922
4686
7169
3828
5254
8273
2210
4289
3516
5211
4936
7417
3332
4489
872
5850
465
5819
5837
6091
4192
4190
2676
3986
6492
6037
4370
3373
9185
1085
6364
9614
4292
597
3880
1126
4166
448
4250
3375
1944
8857
2028
3146
7989
7846
3364
4324
7877
1017
8452
6393
6267
7851
296
412
879
7049
8204
5484
5161
9170
5092
816
173
7760
4277
3808
636
4544
9789
7075
1438
4755
8329
9305
1031
1806
4443
1963
5824
4253
9484
9272
6535
8741
1414
6836
7840
8444
7138
4735
9865
7111
8750
697
8383
8239
7929
4739
5099
2498
5389
1422
1712
4715
543
4988
2454
494
6070
6942
2589
3460
9031
8974
5750
677
6062
8067
748
3925
7393
6693
4050
7762
9903
9324
2872
9569
2754
4891
8665
1205
1233
4982
2048
9345
981
2125
3213
7633
2508
5659
6022
7542
8947
3684
4321
7952
2516
1275
734
147
5813
5433
5738
7642
8009
1526
5917
1198
1019
639
8078
9699
184
6483
9194
6120
5543
3750
5651
3953
3552
9860
3002
6418
5578
3527
5464
6804
7486
2716
6445
278
7958
4898
8548
6887
6405
5263
7147
1625
8895
9873
6633
8211
7732
9189
3631
4074
3263
5014
8858
3270
1431
6311
355
4416
2260
9044
288
8186
6361
845
387
1768
2639
6683
6567
4509
4758
8904
8724
51
1450
7839
824
2695
2165
7984
6918
1495
3974
6615
2043
7375
5138
5684
1032
6246
4120
8657
7565
2263
9712
3297
3046
144
6697
1551
8684
2269
6192
5890
5177
8085
5885
5479
927
1378
4114
8849
4106
7548
2819
7266
8969
8253
8814
5309
2828
4001
834
9769
4894
3419
7828
8835
5213
5145
866
3862
6467
9259
3218
3362
3908
529
4788
7007
4830
9161
8165
1925
7128
7528
464
6855
1887
7400
3225
9251
7837
2892
8370
6063
251
7609
7246
5368
3497
7178
1118
5166
6172
2603
417
3483
5623
3766
7080
6087
6060
7193
1766
5474
1232
3858
4080
7606
8772
1643
8648
5967
4612
9341
6275
1158
4603
3087
8940
3940
8843
1340
4785
2151
4781
356
7648
2880
1714
4029
2134
6707
4892
7575
6564
2407
8255
3070
1980
5112
8680
6042
2472
5162
7827
7225
3274
7631
9556
7005
2646
4916
9574
9886
6512
4311
1253
7320
656
6238
9294
8316
8142
7329
8321
9610
395
7210
3729
1313
6012
4503
3431
3184
7173
5500
3457
8039
2055
3000
8229
3358
527
6660
982
1191
3585
6827
568
9459
195
1160
4111
4317
3330
5530
25
6376
5545
8868
7538
1200
9877
6778
5196
9327
4092
660
6632
9647
1177
2074
8739
4541
5101
1857
2280
6439
1088
895
7763
3794
8978
7125
6299
6869
8572
5986
720
8320
2143
3975
4654
4940
2857
5357
4865
7498
3856
4433
7339
8411
2584
1059
6787
492
4360
5525
1125
4824
5820
2191
551
9077
3555
7825
4071
1700
1401
8410
1086
2249
9902
7333
6061
9522
7849
5379
6007
4528
7198
2499
5126
6276
8704
4571
5475
9250
916
7423
6375
5948
4096
4
3370
3348
5131
923
3300
1009
5979
4367
6888
1932
8977
4187
5744
2458
2558
8453
7866
9075
9474
1076
7073
3852
3496
2473
8989
9201
4885
110
2630
9261
2606
7190
9969
6775
340
3627
468
5481
3428
5408
8331
5715
2977
8963
5342
6219
1035
1402
9800
4146
202
7747
6487
3191
3978
4044
849
5353
9255
9068
2634
3623
3034
4169
7867
4923
8023
8900
249
8898
2594
5861
4648
5581
8215
3513
305
4085
7444
7257
5388
3074
9943
6937
9402
1554
3698
3467
2804
6780
2412
3469
2255
7638
5062
8604
5248
7259
7928
7869
5064
6147
4110
9674
4184
6847
3667
5482
4691
2127
2729
8841
9761
6777
2066
3413
4451
6506
873
4270
480
3789
1407
2425
9202
500
8794
9869
5355
5704
8566
1037
5183
1623
1839
3439
7292
7963
4694
5322
7134
9631
6920
8476
5960
7044
9121
2397
5071
979
2723
107
8736
7572
4125
5999
2486
6278
1496
9685
9449
848
3565
2935
1703
2543
985
6840
3834
142
8006
4397
1185
7441
4502
7875
5420
6585
6637
8118
139
4159
8574
4296
3723
9442
11
7089
2166
5179
1306
452
1117
9912
2918
9993
3771
3065
5036
5863
91
2041
8728
7248
3928
5494
7286
1947
2827
7355
4986
3
1127
5765
2176
5493
1755
6398
2623
514
7316
786
8723
3598
7229
1479
8016
6456
127
7322
2241
5467
5633
5845
2485
7217
7817
7366
7112
2839
2129
3438
7995
4965
2006
8147
8580
9827
4357
4015
9765
4564
243
5898
2975
3517
8046
5757
7871
5208
5040
8084
2602
2962
4115
323
4290
3522
8393
6272
7113
5832
404
2254
3430
1846
6997
1713
3909
4536
5914
7750
66
3066
6402
4239
6767
4363
4912
3064
8019
1691
7063
212
6214
8492
9363
9716
2337
1411
2767
4586
3395
1226
9753
9544
6870
813
6802
9896
8730
1607
1832
2619
8235
2888
1364
3058
3387
1440
9127
3168
7611
6346
959
5916
9006
5321
5804
3630
8560
6081
6755
230
7667
7374
3898
8129
2354
5065
117
17
8935
7144
7251
4953
424
334
36
1366
4163
657
1928
8712
6511
5800
8134
1339
8260
5441
8436
2155
9100
8879
1674
2886
615
893
146
2174
709
9451
300
3995
6457
338
349
5642
148
4160
6057
678
2433
1114
637
7067
9218
1968
6736
5519
941
8163
4744
6191
4273
613
1108
5694
6663
7935
6568
4688
4067
1382
7231
3464
1026
9829
907
7300
2000
2274
9013
9934
8914
7517
1954
7443
8031
5440
7260
7304
512
5354
7291
6048
6745
9623
6540
2299
9801
2582
8677
2512
7726
8855
7614
9780
9594
6282
4341
1778
4599
3914
3229
6117
5018
2236
6821
5174
4825
8903
4154
7307
2380
7491
4701
4369
1296
4275
4845
203
6140
6811
4958
4922
5782
522
4381
1667
9054
5146
6080
2340
9713
1800
9023
6642
3135
9703
8593
7323
3411
3609
580
739
2181
4721
1972
1580
5307
4858
6641
2130
1244
2464
3955
851
317
4952
2506
9403
1793
8653
2658
2226
2534
892
5730
4775
1412
2293
4950
4548
6084
8929
855
4869
8591
1631
1352
1355
4696
5215
7019
2575
5419
3040
6307
3495
6216
7183
55
5153
1831
8250
160
292
6304
6854
8714
276
7503
578
2002
9542
9030
8545
5721
9482
812
48
8842
550
8511
9430
8732
9286
1169
1723
1858
4104
1428
9950
3970
9997
1103
9365
1392
8634
2986
7088
264
7961
9588
6561
8571
9450
4034
7861
4455
3272
4293
6497
3231
3593
7454
2171
9888
8402
8599
8356
6710
150
4674
3081
4615
141
563
5611
825
7863
1143
5710
372
6903
3861
1449
2442
5446
2805
6221
9443
8675
3459
4185
7376
4490
8314
7508
2569
1808
8641
6825
28
737
2864
5412
9448
5549
9742
7103
1161
3353
8183
4903
5855
1192
5396
4469
973
3591
3103
4345
2755
2747
1446
4609
3733
415
6440
4792
2360
9793
2904
7432
8629
9683
4322
5105
6954
591
8565
2776
7940
3514
2795
9754
5580
9367
5943
2664
7087
1604
3712
1881
9293
4620
7301
2450
3167
3402
7263
3068
8797
8700
8915
2012
7770
9543
5667
3082
5326
3529
6952
8532
6839
290
6025
8267
7265
5444
9264
23
3781
6866
3761
3282
3612
9070
2196
5897
850
4804
7627
3586
2494
4410
1305
6923
5518
7051
7806
1055
5939
7062
73
5319
8456
4052
7141
675
5772
5893
2072
5589
8308
5806
5537
9575
942
9568
3732
8522
360
4768
8742
3803
9177
730
2198
1227
9271
3804
1655
2700
3665
1221
4762
4524
3714
835
4645
9380
2093
8221
6190
7910
1256
7487
4038
4409
5459
1471
7061
154
6111
5668
3434
3651
254
6580
2885
3711
4705
4920
4198
5097
9192
3921
1434
1852
3895
8203
2648
9437
6515
9885
9066
8076
6884
4234
1454
9060
9239
4757
5051
316
2988
9637
5058
6700
2752
3867
863
6646
676
9180
2250
3702
646
9984
1518
7728
3875
1429
7691
2595
9021
1532
5906
4884
2950
3088
5649
3261
219
6549
7787
3490
582
3545
1802
2316
8017
164
7925
9681
5081
9053
9828
750
7720
6966
60
368
2737
7765
9029
4442
2268
2978
5466
9561
8954
1269
2477
1090
6575
2728
214
4941
9500
7064
2717
224
7430
3369
3054
4761
7845
9481
2919
7812
3737
6514
5908
1162
6490
4200
1995
9711
4461
2133
3056
5214
3108
2488
8759
1698
6959
2768
8852
2959
8523
4877
8820
4820
3157
8277
8196
9084
9141
7350
2118
6872
5075
7942
4714
336
3361
6204
2974
2137
7488
6396
3089
2532
2591
7343
5154
4879
4508
2942
719
9920
6882
702
685
8865
3798
969
8780
1565
4581
8087
8154
1179
2365
2522
2643
83
2712
9804
5140
8473
3128
4441
9206
8045
8793
8993
4065
8518
9458
7912
2409
9624
5492
9649
4557
2418
4605
6370
137
2445
9032
5130
2710
3344
8430
881
331
9964
5048
4348
6144
7135
463
1039
6834
9788
3408
7434
5241
5019
2713
7387
8286
8233
3366
2192
1916
3092
9040
3934
2841
2079
517
3755
1652
4398
9558
6263
9109
4314
854
9461
1974
6254
4670
9824
3401
9938
747
945
8955
7289
3338
7562
5662
3897
5205
4271
4463
1817
3969
4382
9876
3845
326
9630
1469
7459
8912
8472
8281
8060
4466
1277
7060
8672
4946
4161
2001
5735
44
8190
3340
8899
6701
8153
1259
6749
9923
988
1524
5399
8439
595
4103
7520
2024
6059
1360
2702
4689
9778
9971
8461
9707
9397
8278
8098
1188
8776
3870
1442
8547
2684
5280
359
7563
1503
2928
6407
2396
8689
590
9124
3479
672
4993
4279
7896
5947
7453
6634
5550
92
5480
9609
9975
2461
239
4149
718
5504
3542
5287
9362
5046
1570
7591
2205
5779
9022
7059
900
7155
5733
180
5053
1958
4730
2039
4465
5555
4009
6478
6336
4479
4089
9162
8140
1550
2399
1238
9371
7410
9924
2240
2025
6139
9914
8174
9196
5817
4182
5503
361
5513
9657
8803
4857
9956
4669
2312
2394
8808
6167
4035
7687
2256
2641
6504
2933
2370
421
1063
441
6910
5084
5624
1315
9258
2453
6544
2019
9918
307
862
4746
7022
5860
3842
3489
8334
6303
258
4699
9729
7179
5517
7988
4222
2616
1989
1595
7693
1416
7411
1949
7590
5191
6260
4493
8590
7174
1664
8044
3819
1463
491
4053
7082
5173
2597
321
1946
4844
1649
2601
5523
1939
32
9650
7998
4707
2559
4474
4252
6819
3695
6433
4151
7452
9737
6424
4980
5734
7552
6714
8869
5347
8381
8990
3018
8251
5352
8350
6938
9782
4447
1062
3977
5455
1515
8922
9607
4814
9228
9314
9039
3829
5964
308
7819
6752
2172
6592
2026
5027
5380
1022
166
4313
3546
966
342
7649
7484
7109
799
3228
6706
3659
2328
5814
8561
2905
792
1785
3194
9219
281
7139
5551
8907
5245
5461
5323
131
8170
3303
8550
5172
3097
9424
3739
2714
7556
3547
968
5010
9738
1361
8918
5012
3324
5470
2307
1357
4914
2389
820
7557
9428
3596
6730
3478
681
721
3150
1295
1540
4668
7474
1636
1441
6729
8189
9625
2650
740
2423
5932
8262
3741
3983
2961
4255
1323
5697
3280
972
9502
4874
4636
3996
6306
4427
6739
1173
8347
9684
4170
9085
1813
3690
2431
4333
3501
9862
819
5218
1477
7634
9645
8669
3015
9182
5133
2148
5030
8827
4843
1071
4797
5122
6932
8564
2801
8109
145
5718
1680
1838
1123
8259
7890
2539
2585
6901
7800
257
7794
9835
3551
9535
8559
1527
4772
7330
2183
5187
2740
9694
7686
2809
1973
5645
7950
2812
6733
7327
7282
8312
3604
5690
7543
3937
9626
1715
3762
875
2613
5935
7657
826
1671
4483
7664
4211
8494
3866
1211
8051
6519
2721
9311
5430
827
1933
2858
5646
3235
4631
9295
877
7518
1743
4204
3125
6105
687
7197
1144
4763
5258
3377
3313
8586
3613
4497
4174
5163
8052
8602
3780
1100
3582
7797
2649
1155
2960
284
5456
4828
7836
4057
1847
2046
3241
4471
5946
9748
7900
5290
4095
4099
2107
6102
3805
6525
8930
8478
8376
6533
1720
4473
1168
8244
2651
4039
5230
2668
2720
2697
2321
8407
3592
1073
2970
8355
1084
5497
2637
2732
6014
9154
5108
7163
8238
8909
3510
6032
7966
1633
9238
7024
931
9660
4719
4902
9233
8400
2510
7509
3011
4794
8939
3057
4662
1265
2297
6846
401
9960
1384
7018
5727
9049
7086
3013
8458
4955
5115
231
6164
726
8209
6465
9220
3901
5528
1511
5534
4558
4140
1704
8568
8124
8633
3185
5330
7715
8630
3106
1316
2995
2868
2821
71
1278
3049
7092
27
8563
1573
3427
6340
4042
8055
6217
2493
4639
1262
7854
8627
6474
6853
4372
9334
3210
1827
537
2983
762
5724
8836
1146
6664
2583
4117
4900
3415
9540
1021
1773
5471
5395
2794
9441
769
643
6416
6731
9853
5575
8074
5178
4362
9871
1213
828
4016
7898
9900
6469
5501
3323
4059
523
2092
197
1592
8157
3768
7458
3868
8237
6991
6891
1273
1688
1894
8616
1036
1600
533
7917
5915
7544
382
8105
6128
8666
2243
6209
7218
3024
9580
7478
2276
511
9841
6242
2324
4338
7766
4342
6265
5052
9947
8715
6653
1644
7203
9932
8850
5864
9179
8247
9331
9377
2535
3709
371
9058
3636
7326
502
6898
4133
4852
1417
3801
5712
2965
5382
3140
5107
2352
6447
5020
9953
6333
8272
2480
5622
8635
8041
2562
3314
474
7305
4574
9986
8177
1871
2820
2179
7808
4142
5170
6668
1189
5314
1525
2326
22
3827
7810
3968
8943
3071
605
9114
6760
1307
9041
507
2339
4478
6829
6000
2750
8637
3114
5491
3685
3590
4460
7408
7678
8256
5511
3900
3923
6290
1239
3060
6257
1489
5091
7924
8618
8514
4665
5761
7219
7976
4353
5119
2859
8224
4919
6052
7416
5118
6123
3945
7911
532
9048
5393
806
7589
2818
6137
1030
3390
5331
8871
5524
513
4368
8014
87
6283
7306
7965
8136
5927
2231
9310
6801
7055
6960
2400
285
7628
5428
9662
4172
7012
3147
1772
867
2482
7788
7194
3629
6181
119
2654
5854
6987
2912
2790
2929
2294
245
4156
1860
4566
5165
2528
6178
4702
40
8065
4641
918
2285
6513
5604
8307
3315
6765
2207
7813
84
7706
1224
5240
6818
3548
9246
7419
6914
8332
3214
4679
6911
8644
466
199
8
6258
5009
8200
4779
7964
4904
4384
7215
2271
3219
9928
2518
2679
3823
8032
9931
1072
8643
7314
9312
49
7835
378
4048
2301
622
1606
2871
3657
3357
5035
1261
1283
8956
1758
4816
7159
9708
3603
9743
406
7283
162
2853
8365
7533
4777
5968
8471
684
496
8650
8937
4214
4871
1008
9942
1971
2111
1709
3437
3948
5751
8188
9758
6522
2874
5652
7892
6421
3793
6240
9795
7388
204
5076
1110
9307
9982
5283
7504
7903
398
2844
9183
1000
7233
515
2666
4592
9394
479
5846
5899
7641
3381
1921
409
9802
8893
210
5648
2197
1388
7477
4623
4405
57
775
9803
3892
7735
1581
3599
6754
2208
7137
2218
8902
6558
3477
6725
1044
2691
8832
3857
9106
5449
1563
3007
2855
5675
2452
4356
6004
665
8455
5458
2327
7273
2823
5773
1926
3931
6897
3084
9995
9503
2441
569
1508
6992
2364
5255
498
5848
2138
3142
7865
1510
2385
1790
353
9805
1878
725
2985
2353
3906
3676
1300
4076
1312
7977
3211
7426
8884
3033
4532
3916
6470
4282
5431
6064
7114
3316
1470
6009
4219
9763
3474
277
3254
9723
6871
2267
3104
4215
6709
8656
4740
8069
1263
8966
6437
4957
2096
4350
7164
5212
9465
3245
4295
7578
5042
3045
7981
6357
9379
4593
3707
1507
1675
3311
8445
4888
8874
7127
1901
995
516
1874
2898
8448
6400
1519
5521
8265
795
2766
101
5972
1661
3963
2722
3041
9103
3570
3700
1400
7592
9033
328
4588
3935
1517
6362
3518
8831
6281
4162
7637
7000
1731
7072
3473
3386
722
9509
7039
3298
4561
9601
7801
5288
9697
6319
2704
7673
4519
4930
3226
3470
5251
3499
4773
3055
5197
5266
6941
2223
6676
3595
4004
2519
3821
5748
728
205
5709
4887
8127
2645
2529
6629
8971
2247
3355
8987
2252
754
362
2213
4606
2201
5990
8554
6185
3641
3062
6484
1634
5843
8309
5069
5677
564
9384
3178
9781
6195
5483
9213
9633
5102
1404
1804
9845
1453
3444
2642
5067
6581
4223
9892
5851
5224
1304
6113
2863
7786
2188
8412
2089
6428
4905
3155
9320
1077
1385
5901
6049
8600
5398
9491
9010
3847
6083
1178
9378
2060
3341
7547
5670
2829
4164
7804
9704
1002
8679
821
713
2887
358
2346
5725
8791
6309
3511
9813
9875
1836
6814
2877
4403
8422
7920
9028
5909
7885
9897
8037
556
3180
4158
9204
8408
1569
6454
4428
1988
890
9247
4007
1350
5691
3715
4013
6384
3463
8716
6665
9071
45
2531
1354
7402
9523
1010
6011
1461
8901
4759
8091
1052
9184
3482
2981
2232
8721
8343
5490
7442
5628
1965
1683
933
3749
50
2973
6917
1889
6741
3067
7278
3476
3305
8746
2478
974
5801
9447
2209
8487
4968
7142
9211
2631
132
6915
2955
3581
4268
3059
2152
7347
8662
1637
887
5207
7321
2771
1064
703
6378
8114
8678
2866
6020
9101
9714
9414
5238
1568
7576
6948
7700
3943
9952
1433
3736
9514
2759
6323
9214
630
2563
4084
3879
5001
2907
6929
598
3618
4458
1701
4130
6712
8705
1545
9822
6494
4964
7027
3904
9958
620
1728
1231
5956
5155
7710
632
9686
6619
3652
178
1890
5599
4734
5553
2305
9429
7392
8090
6955
9627
9042
5276
4213
7317
8608
5557
1936
4309
2140
4659
1616
2065
9634
4994
3668
8397
8979
9590
4027
9768
1480
4122
391
6291
6475
1041
667
9462
5106
1475
6721
1819
6136
403
9525
9159
2009
7097
8079
6155
3926
7226
7666
4073
7325
5796
4445
2259
4796
140
8318
4947
9212
3942
6338
4907
9444
9225
269
7033
4765
6095
4051
4301
7610
4974
5876
3782
4388
6368
8686
8491
3286
