1000

1954
5444
832
6945
6130
6175
3359
6979
6022
1385
4121
835
2406
4851
1734
2264
1738
4062
4390
2220
5150
2755
9706
1231
4242
437
8978
4619
6970
9273
5799
6488
3840
4646
7658
154
4431
4657
8664
8171
3783
7557
8663
1120
1440
1146
7201
6179
4767
1784
1571
296
2266
8
9442
5828
6181
1956
8110
755
8959
8471
9748
1967
9244
4224
8503
6910
5640
3325
8044
7313
2027
2559
4747
5736
6714
3195
3251
8187
4432
3207
5076
7566
7840
3603
9297
8268
4802
356
1118
943
454
2960
5422
8801
6969
4792
9869
5325
6021
1532
2543
4304
5327
3240
7131
1173
9224
8334
9935
520
7029
8643
8316
2739
7973
8939
8197
7334
9078
3368
5488
3598
6689
6273
9986
8909
6352
5895
6757
5688
9521
2403
2124
2229
8903
1049
2437
6142
2726
8313
9693
6941
8417
1131
1415
4356
2979
7808
8733
2165
6590
5483
1768
6075
7097
5474
2228
4033
7925
4920
6454
441
6874
321
3211
676
6726
9494
7154
2194
9478
3596
3581
4307
6789
5943
7306
2117
1859
7497
3607
2541
9619
6742
6304
667
519
2532
5197
5437
6688
2889
2378
1263
9119
8943
3387
5978
732
9219
3026
8161
4893
3976
6837
209
8418
5102
2606
6121
2747
6589
4831
2781
9795
2115
9799
1482
2147
6302
3023
6509
7743
9370
6883
6016
5463
9361
9067
9535
113
2567
6499
9393
6327
7197
7760
2230
8308
5896
5528
5972
9493
2443
4686
4959
8319
8798
8488
268
2311
9717
457
3988
305
6236
3760
3481
8357
4150
9124
4141
5293
5585
4764
2860
5838
5511
6063
4408
5452
694
6035
2081
7076
1852
3638
1129
4949
372
862
2772
7078
234
7056
1072
308
5834
7692
4187
9191
4395
5658
3408
13
772
9175
8174
4509
7073
8148
8506
6618
9779
5919
7809
8563
1897
4590
4974
6133
6871
1982
3996
6086
3805
4852
26
2401
2917
7586
344
1509
6562
6805
577
391
8677
5088
5216
6137
7015
4821
8303
3370
8279
8604
7138
3189
9188
9209
8411
9491
3703
2661
8229
4464
3917
9146
2488
2990
873
8478
4634
6571
9106
3284
399
3062
8261
4298
9511
4219
4056
6575
9316
9439
7828
4708
7118
4894
6239
4092
7237
827
6373
576
2452
3561
3829
1140
9272
9548
1294
4796
6988
3687
9880
6391
5810
207
8582
8889
9048
4785
3537
4163
6899
6309
4053
362
9607
4552
3507
3778
3837
1893
1150
2607
2946
1365
4956
4291
6292
8265
5367
1696
2563
7866
3757
8199
9321
8504
4962
7783
8074
5303
6254
7786
1976
4694
4339
5791
523
4168
6279
1574
3243
3535
1760
3513
1562
555
865
5178
2736
2804
5532
4021
801
9283
2203
2079
178
5540
7487
3522
4179
5012
2462
5555
9883
5342
1891
7763
4991
283
7777
6826
4138
9032
5040
3379
4200
5811
6915
2749
432
7705
2621
2157
6403
7298
2044
3119
4075
8997
3490
8099
6498
5277
3025
6159
6985
8328
6345
3987
8580
9143
9637
9207
9076
4203
1201
9570
7402
5498
1352
478
5471
663
7804
9110
8581
9695
5441
2612
6415
1436
5466
8400
6409
1679
7842
3040
5146
139
3882
6897
6460
5250
1994
2665
1346
1453
5671
6978
2353
6828
9703
600
384
8609
6684
3390
7865
8988
2150
1832
4286
2966
8131
8824
1446
6156
4812
8115
8365
1387
6727
7461
6131
4610
2862
6170
7803
1464
9558
9628
1137
7484
886
8443
363
3283
9182
4173
8940
5348
7837
1917
9585
8034
8781
1341
9312
6974
6512
4124
4858
5786
4256
9688
760
7169
1126
3007
8052
5844
9925
169
8095
4306
7383
1908
8146
7161
7620
4059
4393
1963
9788
4048
8206
5946
7018
425
1688
9231
3753
8926
2038
1359
5336
1728
967
3413
8141
9310
5392
8686
3793
4215
9722
6657
111
269
7853
8262
1313
2388
4249
4260
9794
9264
9474
4923
6770
9017
5935
503
4754
9713
9664
2956
141
1995
5350
3341
5597
7766
7998
2136
6160
350
3373
5549
2485
722
3977
1357
5863
1351
2911
5906
9894
9402
8248
6762
5243
8647
3731
6606
9586
4065
1559
3499
1635
2016
9461
9839
651
3168
1661
8861
2698
4225
324
7677
5625
4924
7657
3076
2937
1569
1016
6583
4644
1541
2799
6500
5034
2983
3326
588
3306
2020
353
957
9173
8792
8233
4524
8853
1010
4128
2640
9365
331
8101
7199
8213
6608
189
3358
5475
2289
2564
8235
3064
2382
4076
5131
4317
4184
8625
7698
621
7582
6196
6665
3979
6214
9029
279
925
9609
6127
7558
7357
7884
536
2645
6135
5593
9274
8748
1630
5231
6536
5929
6870
237
6477
5182
3425
6062
5914
8294
5669
4532
4716
5169
5329
171
7405
8570
789
8041
9089
4917
4311
3614
2430
9036
494
4073
611
7387
1099
5904
7880
8665
4844
1659
7718
3000
3223
951
8004
2225
7589
9453
5137
9362
7194
5750
5090
1714
6494
6462
6007
9304
2895
9430
6275
3011
5847
7816
3680
6816
6427
6715
2121
8007
5723
4836
6280
4738
924
9319
9817
9816
352
5198
408
9753
5635
2647
5407
1672
3292
9157
1439
1949
7335
8658
7425
7407
1743
3889
4050
7813
6932
6798
9305
3909
7464
1864
1733
6492
8277
5309
927
4338
4468
12
2740
2190
2410
860
6125
6353
3662
6328
3834
7943
6513
5004
7600
7341
7162
357
7529
400
5559
736
6284
6694
9964
208
1006
7832
5763
5410
8484
4041
4251
1421
6947
683
313
4608
7739
2902
5604
9529
7016
5988
9530
3028
7675
583
567
411
245
2172
4946
2429
9433
3159
3213
9441
5969
7090
2885
3356
7659
1658
4303
6050
6752
8514
9508
2481
5356
4418
1318
1803
8293
8256
6235
7534
5574
8374
5949
9390
7224
3110
6272
2267
367
6246
3465
2795
8678
7688
1831
1097
4145
5941
4305
7927
6212
2189
829
4067
3075
2330
7970
6754
8246
7263
3436
349
3606
7729
8163
7665
3944
4098
6085
649
2626
4960
4736
8038
2521
