8
12
13
26
111
113
139
141
154
169
171
178
189
207
208
209
234
237
245
268
269
279
283
296
305
308
313
321
324
331
344
349
350
352
353
356
357
362
363
367
372
384
391
399
400
408
411
425
432
437
441
454
457
478
494
503
519
520
523
536
555
567
576
577
583
588
600
611
621
649
651
663
667
676
683
694
722
732
736
755
760
772
789
801
827
829
832
835
860
862
865
873
886
924
925
927
943
951
957
967
1006
1010
1016
1049
1072
1097
1099
1118
1120
1126
1129
1131
1137
1140
1146
1150
1173
1201
1231
1263
1294
1313
1318
1341
1346
1351
1352
1357
1359
1365
1385
1387
1415
1421
1436
1439
1440
1446
1453
1464
1482
1509
1532
1541
1559
1562
1569
1571
1574
1630
1635
1658
1659
1661
1672
1679
1688
1696
1714
1728
1733
1734
1738
1743
1760
1768
1784
1803
1831
1832
1852
1859
1864
1891
1893
1897
1908
1917
1949
1954
1956
1963
1967
1976
1982
1994
1995
2016
2020
2027
2038
2044
2079
2081
2115
2117
2121
2124
2136
2147
2150
2157
2165
2172
2189
2190
2194
2203
2220
2225
2228
2229
2230
2264
2266
2267
2289
2311
2330
2353
2378
2382
2388
2401
2403
2406
2410
2429
2430
2437
2443
2452
2462
2481
2485
2488
2521
2532
2541
2543
2559
2563
2564
2567
2606
2607
2612
2621
2626
2640
2645
2647
2661
2665
2698
2726
2736
2739
2740
2747
2749
2755
2772
2781
2795
2799
2804
2860
2862
2885
2889
2895
2902
2911
2917
2937
2946
2956
2960
2966
2979
2983
2990
3000
3007
3011
3023
3025
3026
3028
3040
3062
3064
3075
3076
3110
3119
3159
3168
3189
3195
3207
3211
3213
3223
3240
3243
3251
3283
3284
3292
3306
3325
3326
3341
3356
3358
3359
3368
3370
3373
3379
3387
3390
3408
3413
3425
3436
3465
3481
3490
3499
3507
3513
3522
3535
3537
3561
3581
3596
3598
3603
3606
3607
3614
3638
3662
3680
3687
3703
3731
3753
3757
3760
3778
3783
3793
3805
3829
3834
3837
3840
3882
3889
3909
3917
3944
3976
3977
3979
3987
3988
3996
4021
4033
4041
4048
4050
4053
4056
4059
4062
4065
4067
4073
4075
4076
4092
4098
4121
4124
4128
4138
4141
4145
4150
4163
4168
4173
4179
4184
4187
4200
4203
4215
4219
4224
4225
4242
4249
4251
4256
4260
4286
4291
4298
4303
4304
4305
4306
4307
4311
4317
4338
4339
4356
4390
4393
4395
4408
4418
4431
4432
4464
4468
4509
4524
4532
4552
4590
4608
4610
4619
4634
4644
4646
4657
4686
4694
4708
4716
4736
4738
4747
4754
4764
4767
4785
4792
4796
4802
4812
4821
4831
4836
4844
4851
4852
4858
4893
4894
4917
4920
4923
4924
4946
4949
4956
4959
4960
4962
4974
4991
5004
5012
5034
5040
5076
5088
5090
5102
5131
5137
5146
5150
5169
5178
5182
5197
5198
5216
5231
5243
5250
5277
5293
5303
5309
5325
5327
5329
5336
5342
5348
5350
5356
5367
5392
5407
5410
5422
5437
5441
5444
5452
5463
5466
5471
5474
5475
5483
5488
5498
5511
5528
5532
5540
5549
5555
5559
5574
5585
5593
5597
5604
5625
5635
5640
5658
5669
5671
5688
5723
5736
5750
5763
5786
5791
5799
5810
5811
5828
5834
5838
5844
5847
5863
5895
5896
5904
5906
5914
5919
5929
5935
5941
5943
5946
5949
5969
5972
5978
5988
6007
6016
6021
6022
6035
6050
6062
6063
6075
6085
6086
6121
6125
6127
6130
6131
6133
6135
6137
6142
6156
6159
6160
6170
6175
6179
6181
6196
6212
6214
6235
6236
6239
6246
6254
6272
6273
6275
6279
6280
6284
6292
6302
6304
6309
6327
6328
6345
6352
6353
6373
6391
6403
6409
6415
6427
6454
6460
6462
6477
6488
6492
6494
6498
6499
6500
6509
6512
6513
6536
6562
6571
6575
6583
6589
6590
6606
6608
6618
6657
6665
6684
6688
6689
6694
6714
6715
6726
6727
6742
6752
6754
6757
6762
6770
6789
6798
6805
6816
6826
6828
6837
6870
6871
6874
6883
6897
6899
6910
6915
6932
6941
6945
6947
6969
6970
6974
6978
6979
6985
6988
7015
7016
7018
7029
7056
7073
7076
7078
7090
7097
7118
7131
7138
7154
7161
7162
7169
7194
7197
7199
7201
7224
7237
7263
7298
7306
7313
7334
7335
7341
7357
7383
7387
7402
7405
7407
7425
7461
7464
7484
7487
7497
7529
7534
7557
7558
7566
7582
7586
7589
7600
7620
7657
7658
7659
7665
7675
7677
7688
7692
7698
7705
7718
7729
7739
7743
7760
7763
7766
7777
7783
7786
7803
7804
7808
7809
7813
7816
7828
7832
7837
7840
7842
7853
7865
7866
7880
7884
7925
7927
7943
7970
7973
7998
8004
8007
8034
8038
8041
8044
8052
8074
8095
8099
8101
8110
8115
8131
8141
8146
8148
8161
8163
8171
8174
8187
8197
8199
8206
8213
8229
8233
8235
8246
8248
8256
8261
8262
8265
8268
8277
8279
8293
8294
8303
8308
8313
8316
8319
8328
8334
8357
8365
8374
8400
8411
8417
8418
8443
8471
8478
8484
8488
8503
8504
8506
8514
8563
8570
8580
8581
8582
8604
8609
8625
8643
8647
8658
8663
8664
8665
8677
8678
8686
8733
8748
8781
8792
8798
8801
8824
8853
8861
8889
8903
8909
8926
8939
8940
8943
8959
8978
8988
8997
9017
9029
9032
9036
9048
9067
9076
9078
9089
9106
9110
9119
9124
9143
9146
9157
9173
9175
9182
9188
9191
9207
9209
9219
9224
9231
9244
9264
9272
9273
9274
9283
9297
9304
9305
9310
9312
9316
9319
9321
9361
9362
9365
9370
9390
9393
9402
9430
9433
9439
9441
9442
9453
9461
9474
9478
9491
9493
9494
9508
9511
9521
9529
9530
9535
9548
9558
9570
9585
9586
9607
9609
9619
9628
9637
9664
9688
9693
9695
9703
9706
9713
9717
9722
9748
9753
9779
9788
9794
9795
9799
9816
9817
9839
9869
9880
9883
9894
9925
9935
9964
9986
